8219.5462
8219.5462
8219.5462
8440.344
8440.344
8440.344
8539.213
8539.213
8539.213
8539.213
8539.213
8539.213
8590.343200000001
8590.343200000001
8590.343200000001
8787.5656
8787.5656
8787.5656
10100.3118
10100.3118
10100.3118
10114.96
10114.96
10114.96
11065.7662
11065.7662
11065.7662
11113.2142
11113.2142
11113.2142
12710.210200000001
12710.210200000001
12710.210200000001
13118.5822
13118.5822
13118.5822
13118.5822
13118.5822
13118.5822
13928.4414
13928.4414
13928.4414
14017.842399999998
14017.842399999998
14017.842399999998
14023.431
14023.431
14023.431
14445.680199999999
14445.680199999999
14445.680199999999
15146.1882
15146.1882
15146.1882
15598.558799999999
15598.558799999999
15598.558799999999
15598.558799999999
15617.401599999997
15617.401599999997
15617.401599999997
16061.099999999999
16061.099999999999
16061.099999999999
16061.099999999999
16061.099999999999
16061.099999999999
16130.708199999997
16130.708199999997
16130.708199999997
16501.5868
16501.5868
16501.5868
17830.629399999998
17830.629399999998
17830.629399999998
18163.455
18163.455
18163.455
18379.384599999998
18379.384599999998
18379.384599999998
19003.403000000002
19003.403000000002
19003.403000000002
19559.4466
19559.4466
19559.4466
19559.4466
19559.4466
19559.4466
20452.716
20452.716
20452.716
20706.1774
20706.1774
20706.1774
20859.6118
20859.6118
20859.6118
20927.9962
20927.9962
20927.9962
20929.5022
20929.5022
20929.5022
20971.412
20971.412
20971.412
21439.557999999997
21439.557999999997
21439.557999999997
22633.2076
22633.2076
22633.2076
23869.1054
23869.1054
23869.1054
25424.315999999995
25424.315999999995
25424.315999999995
25424.315999999995
25844.9062
25844.9062
25844.9062
27502.1956
27502.1956
27502.1956
27577.3426
27577.3426
27577.3426
28631.199199999995
28631.199199999995
28631.199199999995
29742.824800000002
29742.824800000002
29742.824800000002
29742.824800000002
29742.824800000002
29742.824800000002
30040.420599999998
30040.420599999998
30040.420599999998
30040.420599999998
32458.1932
32458.1932
32458.1932
33849.5444
33849.5444
33849.5444
